      population  householdsize  agePct12t21  agePct12t29  agePct16t24  \
0          11980           3.10        12.47        21.44        10.93   
1          23123           2.82        11.01        21.30        10.48   
2          29344           2.43        11.36        25.88        11.01   
3          16656           2.40        12.55        25.20        12.19   
5         140494           2.45        18.09        32.89        20.04   
6          28700           2.60        11.17        27.41        12.76   
7          59459           2.45        15.31        27.93        14.78   
8          74111           2.46        16.64        35.16        20.33   
9         103590           2.62        19.88        34.55        21.62   
10         31601           2.54        15.73        28.57        15.16   
11         25158           2.89        13.65        28.82        13.23   
12         40641           2.54        21.51        36.83        23.96   
13         57140           2.74        16.51        28.17        14.68   
16         45532           2.85        11.86        27.51        12.36   
17        180038           2.62        12.04        26.68        12.37   
18         14869           2.67        13.71        20.33         9.48   
19        261721           2.60        14.18        32.78        15.14   
21       7322564           2.60        13.06        27.46        13.09   
22         26436           3.34        16.16        37.22        19.09   
23         12183           2.36        11.29        26.87        12.20   
24         16023           2.63        11.91        23.09        10.33   
25         24692           2.54        12.84        25.81        11.93   
26         13842           2.35         8.23        18.30         6.98   
27         88693           2.70        13.77        30.92        15.15   
28         11235           2.60        14.59        25.62        12.02   
29         28259           2.86        16.26        28.79        13.83   
30         11162           2.80        15.43        26.03        12.04   
31        122899           3.84        19.93        33.12        16.79   
32         20714           2.36        11.35        23.13        11.19   
33         11856           3.03        20.11        31.45        19.01   
...          ...            ...          ...          ...          ...   
2185       48949           2.55        16.01        28.66        15.45   
2186       23252           2.19         9.99        20.61        10.00   
2187       15066           2.40         9.98        27.58        11.45   
2188       13198           2.55        10.18        22.31         9.41   
2189       16829           3.17        13.76        24.66        10.40   
2190       15372           3.04        13.09        21.16        10.79   
2191       13333           2.69        11.55        23.33        10.16   
2192       37825           2.91        13.73        23.88        12.80   
2193       29885           3.53        20.10        34.33        18.31   
2194       37520           2.92        14.67        27.32        12.40   
2195       20319           3.02        14.78        32.22        15.93   
2196       77759           2.64        23.36        38.80        26.50   
2197       14904           2.50         9.83        30.35        10.27   
2198       12208           2.77        13.29        25.34        13.25   
2199       25430           3.03        13.47        25.27        11.47   
2200       92703           2.49        13.45        27.70        13.93   
2201       24544           2.71        14.33        26.72        12.34   
2202       14203           2.97        15.13        27.38        12.31   
2203       27331           2.96        13.99        33.75        15.53   
2204       23875           2.67        13.62        25.83        11.67   
2205       14804           2.60        14.37        25.24        12.75   
2206       21732           2.42        12.90        22.30        10.07   
2207       54021           2.54        11.86        27.72        13.18   
2208       13131           2.56        13.81        24.03        10.78   
2209       10567           2.57        10.42        24.90        11.10   
2210       56216           3.07        15.46        30.16        14.34   
2211       12251           2.68        17.36        31.23        16.97   
2212       32824           2.46        11.81        20.96         9.53   
2213       13547           2.89        17.16        30.01        14.73   
2214       28898           2.61        12.99        25.21        11.63   

      agePct65up  numbUrban  pctUrban  medIncome  pctWWage       ...        \
0          11.33      11980    100.00      75122     89.24       ...         
1          17.18      23123    100.00      47917     78.99       ...         
2          10.28      29344    100.00      35669     82.00       ...         
3          17.57          0      0.00      20580     68.15       ...         
5          13.26     140494    100.00      21577     75.78       ...         
6          14.42      28700    100.00      42805     79.47       ...         
7          14.60      59449    100.00      23221     71.60       ...         
8           8.58      74115    100.00      25326     83.69       ...         
9          13.12     103590    100.00      17852     74.20       ...         
10         14.26      31596    100.00      24763     73.92       ...         
11          9.44      25158    100.00      25479     73.45       ...         
12         11.50          0      0.00      20043     75.23       ...         
13         13.38      57140    100.00      19143     69.31       ...         
16          9.76      43944     96.51      44635     84.94       ...         
17         11.54     180038    100.00      34372     76.17       ...         
18         12.38      14882    100.00      49851     81.88       ...         
19          4.58     261763    100.00      35048     90.25       ...         
21         11.62    7322564    100.00      29823     73.57       ...         
22          4.13      26436    100.00      29043     90.39       ...         
23         11.28          0      0.00      32221     84.63       ...         
24         13.65      16023    100.00      34934     80.47       ...         
25         14.62          0      0.00      26198     73.97       ...         
26         13.57      13842    100.00      45892     80.46       ...         
27          9.65      88693    100.00      28108     78.15       ...         
28         13.36          0      0.00      23258     72.45       ...         
29          9.53      28259    100.00      22052     77.25       ...         
30         12.78          0      0.00      14874     62.83       ...         
31          7.32     122899    100.00      18395     79.18       ...         
32         21.15          0      0.00      22166     65.00       ...         
33          8.63       3929     33.10      36618     83.22       ...         
...          ...        ...       ...        ...       ...       ...         
2185       13.55      48949    100.00      21063     73.89       ...         
2186       21.61      23252    100.00      37315     68.08       ...         
2187       13.34      15066    100.00      31848     79.77       ...         
2188       13.46          0      0.00      62288     83.25       ...         
2189        4.26      16829    100.00      56098     94.82       ...         
2190       12.05      15372    100.00      75905     84.89       ...         
2191       15.85          0      0.00      33961     73.32       ...         
2192       13.12      37825    100.00      56598     83.30       ...         
2193        8.18      29885    100.00      18956     78.48       ...         
2194        7.64      37520    100.00      33125     82.82       ...         
2195        9.05      20319    100.00      33554     78.24       ...         
2196       10.61      77759    100.00      19568     76.89       ...         
2197        3.03      14818     99.20      42911     94.64       ...         
2198       16.32          0      0.00      34450     77.06       ...         
2199        5.91          0      0.00      52734     89.11       ...         
2200       16.06      92472     99.75      22452     68.03       ...         
2201        8.78      14731     60.02      37594     85.53       ...         
2202       10.13          0      0.00      27126     79.37       ...         
2203        5.34      27331    100.00      34552     84.87       ...         
2204       10.84      23875    100.00      32849     78.56       ...         
2205       15.16          0      0.00      25208     71.58       ...         
2206       17.83          0      0.00      23393     65.18       ...         
2207       13.39      54021    100.00      35723     81.36       ...         
2208       12.99          0      0.00      22407     75.76       ...         
2209       15.33      10567    100.00      37664     77.02       ...         
2210        8.08      56216    100.00      24727     75.05       ...         
2211       12.57      12251    100.00      20321     75.06       ...         
2212       20.73      32824    100.00      27182     59.79       ...         
2213       10.42          0      0.00      19899     71.67       ...         
2214       12.12      28664     99.19      23287     68.89       ...         

      MedRentPctHousInc  MedOwnCostPctInc  MedOwnCostPctIncNoMtg  \
0                  23.8              21.1                   14.0   
1                  27.6              20.7                   12.5   
2                  24.1              21.7                   11.6   
3                  28.7              20.6                   14.5   
5                  26.4              17.3                   11.7   
6                  24.4              20.8                   12.5   
7                  26.3              15.1                   12.2   
8                  25.2              20.7                   12.8   
9                  29.6              19.4                   13.0   
10                 23.8              17.1                   12.9   
11                 33.0              24.3                   11.8   
12                 27.9              20.0                   12.3   
13                 29.1              17.5                   15.7   
16                 24.8              22.6                   13.1   
17                 30.5              25.3                   11.6   
18                 24.6              18.7                   11.4   
19                 23.7              22.0                   11.8   
21                 25.7              21.8                   14.1   
22                 31.6              23.3                   12.3   
23                 26.1              23.7                   13.7   
24                 24.5              20.9                   11.3   
25                 24.8              19.6                   11.7   
26                 20.2              18.5                   12.1   
27                 30.8              23.6                   10.8   
28                 26.2              16.1                   11.5   
29                 29.0              20.5                   14.1   
30                 28.6              23.0                   15.3   
31                 27.6              22.6                   12.8   
32                 24.7              18.6                   14.5   
33                 28.0              23.5                   12.6   
...                 ...               ...                    ...   
2185               25.0              20.6                   13.2   
2186               32.8              26.7                   13.4   
2187               25.6              22.7                   14.3   
2188               24.9              20.7                   13.5   
2189               26.8              27.7                   12.4   
2190               26.5              24.1                   13.6   
2191               26.3              27.4                   16.4   
2192               27.4              23.3                   16.4   
2193               26.2              19.8                   13.8   
2194               24.7              20.9                   13.6   
2195               29.1              27.3                   11.8   
2196               31.7              19.0                   12.6   
2197               17.9              20.0                   11.8   
2198               26.8              22.5                   15.0   
2199               26.8              26.6                   17.9   
2200               24.5              21.8                   14.1   
2201               26.4              23.0                   15.8   
2202               30.9              22.2                   13.8   
2203               29.2              26.7                   12.3   
2204               25.8              21.4                   12.2   
2205               27.7              19.0                   13.3   
2206               25.6              17.1                   13.1   
2207               26.4              23.6                   15.0   
2208               20.8              19.9                   12.8   
2209               26.7              23.4                   15.9   
2210               29.8              22.6                   11.7   
2211               23.8              17.3                   14.4   
2212               30.5              23.9                   13.1   
2213               26.2              23.3                   14.1   
2214               30.9              21.2                   11.6   

      NumInShelters  NumStreet  PctForeignBorn  PctBornSameState  \
0                11          0           10.66             53.72   
1                 0          0            8.30             77.17   
2                16          0            5.00             44.77   
3                 0          0            2.04             88.71   
5               327          4            1.49             64.35   
6                 0          0            9.19             77.30   
7                21          0            0.87             73.70   
8               125         15            1.99             58.82   
9                43          4            4.63             75.59   
10                1          0            2.97             65.73   
11               20         49           26.41             47.45   
12               28          2            1.54             70.53   
13               28          0            0.71             80.16   
16                8          1            5.22             47.43   
17               82         17           45.19             29.68   
18               10          0            4.73             58.81   
19               47          1            7.64             51.54   
21            23383      10447           28.45             53.09   
22                0          0           18.34             24.24   
23                2          0            3.09             54.87   
24                0          0            4.63             28.32   
25                0          0            1.43             40.40   
26                0          0            5.08             60.71   
27               13         76            9.71             45.45   
28                0          0            6.19             48.88   
29               13          0            0.66             53.03   
30                0          0            0.22             93.09   
31                4          0           24.37             67.12   
32                2          0            6.03             81.86   
33                0          0            2.58             71.76   
...             ...        ...             ...               ...   
2185             17          0            0.67             77.24   
2186              0          0           13.48             37.33   
2187              5          0            3.42             78.40   
2188              0          0           20.47             26.19   
2189              0          1           31.15             47.75   
2190              0          0            8.44             55.21   
2191              0          0            3.58             59.85   
2192              0          0           17.20             32.27   
2193              0          0           18.46             68.90   
2194             24          1            9.25             46.23   
2195              0          0           15.26             39.13   
2196             17         11            2.13             72.02   
2197              0          0            4.38             40.92   
2198              0          0            5.75             66.70   
2199              0          0            4.60             66.44   
2200             62          1           20.72             70.20   
2201              0          0            3.71             63.16   
2202             29          0            7.12             53.82   
2203             33          0           29.38             44.05   
2204              0          0            4.28             51.11   
2205             19          0            3.13             74.82   
2206              2          0            2.41             66.89   
2207             64          0            8.37             70.31   
2208              0          0            1.71             71.81   
2209              0          0            6.56             66.14   
2210             64          0           18.90             52.67   
2211              0          0            2.24             75.16   
2212             44          0            7.35             48.66   
2213              0          0            2.28             82.26   
2214             10          2           16.49             55.29   

      PctSameHouse85  PctSameCity85  PctSameState85  
0              65.29          78.09           89.14  
1              71.27          90.22           96.12  
2              36.60          61.26           82.85  
3              56.70          90.17           96.24  
5              42.29          70.61           85.66  
6              63.45          82.23           93.53  
7              54.85          85.55           91.51  
8              40.72          67.97           81.39  
9              42.33          74.05           92.12  
10             44.95          74.82           88.66  
11             38.61          69.21           89.27  
12             41.51          72.68           88.87  
13             56.01          85.46           92.02  
16             60.30          83.68           88.85  
17             37.69          73.29           76.85  
18             59.75          85.21           89.74  
19             36.76          67.01           84.09  
21             63.06          82.76           89.78  
22             26.33          46.38           54.52  
23             42.07          69.61           75.44  
24             45.19          75.45           81.03  
25             39.82          70.19           77.43  
26             57.14          86.99           94.36  
27             35.36          77.14           83.16  
28             44.43          76.23           87.33  
29             52.14          82.37           88.60  
30             62.57          89.93           98.48  
31             60.11          86.08           91.70  
32             61.42          85.56           93.76  
33             51.97          79.39           91.47  
...              ...            ...             ...  
2185           48.33          80.23           91.22  
2186           36.06          61.72           85.08  
2187           55.74          76.06           90.65  
2188           51.38          64.69           71.18  
2189           37.51          61.82           91.39  
2190           67.54          83.45           90.04  
2191           50.23          73.75           91.79  
2192           67.40          81.82           85.59  
2193           52.42          83.01           90.76  
2194           42.04          75.07           83.38  
2195           37.75          65.41           79.00  
2196           45.46          69.10           84.99  
2197           22.75          51.95           61.45  
2198           69.30          87.95           95.67  
2199           63.28          79.88           93.25  
2200           60.28          92.56           94.15  
2201           58.90          85.63           93.76  
2202           53.21          75.31           88.36  
2203           38.53          83.69           87.35  
2204           42.64          76.41           86.40  
2205           45.68          71.41           94.63  
2206           54.67          81.93           89.51  
2207           59.11          86.26           91.48  
2208           48.97          83.51           91.84  
2209           69.84          88.42           94.88  
2210           39.19          74.58           85.88  
2211           49.12          78.79           92.85  
2212           46.73          75.54           92.30  
2213           54.05          79.72           94.06  
2214           48.74          66.20           89.08 